-1.401167805840536795e+00
3.873662966606795099e-01
5.099965588375013903e-01
6.622101274658100944e-01
-7.502417073052604080e-01
-2.348525423357252506e-01
4.106917571553752033e-01
1.120775317837322850e-02
-3.948573949328123001e-01
9.029306186032526327e-01
-2.740231871774351458e+00
-6.265398018077009690e-01
-6.508788647618279910e-01
7.563104758663214966e-01
1.461320487259938794e+00
1.209112097408203246e+00
-6.552740971244552792e-01
-1.728708987235148875e+00
4.193011981589552239e-01
1.012486550600522284e+00
9.123392805911221259e-01
1.370112349385862238e+00
-3.217441496723379979e-01
1.801839492030298251e-01
1.673819161898596253e+00
6.789688702685776622e-01
2.320473938636841704e-01
-5.043533004745721637e-01
-1.821056843356776200e+00
-1.275248898953313059e+00
-1.042691145444441490e-02
-1.579347959472414464e+00
4.776323947827286753e-01
-9.343767949842836096e-01
1.179578074603093024e-01
-5.507117161580984410e-01
-6.355165613157518489e-01
-1.224997521746959972e-01
5.131931198385396575e-01
5.448325591284562674e-02
5.096695680169156528e-01
6.802744367397157710e-01
1.389864669230298055e+00
2.048835345745716907e+00
4.950729096156324949e-01
4.079878611149089229e-01
3.076575178580106401e-02
4.752264599078634966e-01
-7.122965602264713647e-01
2.649378889787370017e+00
-9.959302031578671777e-01
-1.079270940750188257e-01
-1.824470290825817020e+00
-1.894130416555877439e+00
-1.900661293209870095e+00
-1.081605128160410878e+00
2.566916239535109168e-01
7.829853986792638387e-02
-7.254371579594845465e-02
-7.956133720494312778e-01
1.842267011431756307e+00
1.204455962337668273e+00
5.998973493271503310e-01
-7.915869396375003753e-01
3.866753148302771725e-01
2.406256378799183082e-01
-1.119925260740893380e+00
1.490831952878318989e-01
8.355933511601488783e-01
-1.989924292308824283e+00
6.747669663777556837e-01
1.918973182078963780e-01
9.417661760029621965e-02
7.505546347931093543e-01
-8.427169152862388213e-01
-1.707174962365286819e-01
-1.985301570256319703e+00
-7.677998150980714920e-01
-1.200795829413024540e+00
-1.303511733921986826e+00
2.902201351969713738e-01
7.876805540617245471e-01
2.244346288323291472e-01
4.050249841427180364e-01
1.666978563540143732e+00
3.127512307005833603e-01
-3.179630926071311814e-01
-7.072432277826544433e-02
-1.435290030280414464e-02
-2.190530949731419597e+00
-7.275387074992531455e-02
2.331680985477898815e+00
-1.099019846923111166e+00
1.315911737219554345e+00
-2.242315287779224620e-01
-1.812330001174933480e+00
-8.320836240669859940e-01
7.115764047762466182e-01
2.984506286932713318e-02
7.598268623623231077e-01
1.198506318364410017e+00
1.103921120389872002e+00
1.949242990674263654e-01
8.285723971433534008e-02
1.371040473886172562e+00
-2.166489905692527140e-01
-1.236737321635579256e+00
9.253999298988456745e-01
4.253310642159972010e-01
1.811346569357584313e+00
-2.243449497049200048e+00
-1.196527950310985799e+00
1.521978958016003969e-01
-8.703132671549246302e-01
1.212404594594033297e-01
3.385224217818642856e-02
2.844778767572921030e+00
-1.678003310628084943e+00
-1.315641662294218639e+00
-4.630837350728962964e-01
2.220619104616611827e-01
-8.618314535398260423e-01
-5.412182107197144321e-01
-1.872399302494993201e+00
-6.010994422141903160e-01
-1.154343216536827699e+00
-9.326237065923589920e-02
9.596896291352017272e-01
1.175485964030454022e+00
6.637016999721161159e-02
-1.698335202711966918e-01
9.773754014998328188e-01
-7.334666206568711821e-01
-8.389466688619429124e-01
1.762116537814362394e+00
4.279893707160755678e-01
1.438324101203333205e+00
1.627771781999569067e-01
-7.551106341200382044e-01
-9.924234859691654087e-01
-7.675069475011304654e-01
5.057689506551278358e-01
-7.685712173411399784e-01
-1.201783477746061868e+00
7.013071882025013748e-01
-1.469312543312285557e+00
-6.141197583528144044e-01
-1.473088493552970890e+00
5.975499778554538288e-02
-1.479543230391708319e-01
-7.735277166603432564e-01
-2.085746949131372929e+00
1.932760309769412377e+00
8.033278266502860143e-01
1.386579602342091100e+00
5.171781897942531736e-02
-7.224609574103172394e-01
2.457946734675676148e-01
-1.695033074381269156e+00
7.316390768761982244e-02
-2.772239737729926823e+00
-3.924168971019072472e-01
1.913518665314275502e-01
5.121877313269092291e-02
-2.409459903005771508e+00
-6.009105112270405336e-01
4.454656195147289610e-01
4.181748880684156289e-01
-8.038397215454833322e-01
2.261894524077981417e-01
1.027039033156939229e+00
-1.757423380703349580e-01
4.082162671362103978e-01
-7.626622294782837708e-01
-8.709357668962226795e-02
-4.093711743505943912e-01
-1.653846991134761968e+00
9.494062825994117327e-01
-7.291186454233622438e-01
-1.309300929983305162e+00
5.270605886842562038e-01
3.266172089416576885e-01
7.796213479864505524e-01
1.136154265216740455e+00
-9.367723525296272058e-01
-1.942911033544515373e-02
-6.076736731440439687e-01
-1.072100863408215199e+00
-3.604008243393496125e-01
1.700813603168626342e-01
-9.531154232931960957e-01
9.785565527180403733e-02
1.322881239599790759e-01
8.168853537833152823e-01
-7.776735715372143920e-01
-2.716899413984834144e+00
-2.263214026308103533e-01
7.945822019771675571e-01
5.119496139595106632e-01
1.013475267211497721e+00
-1.192795976895245635e+00
3.629303876778136040e-01
-5.833283031217292303e-01
5.580800909673809818e-01
-4.995265958972314180e-01
6.758040539639330602e-01
-4.352102175280652130e-01
7.391483947649684083e-01
-1.351418564133407996e+00
-5.811023170219883349e-01
-4.484751175153937619e-01
2.602221474445761462e+00
4.766721356115545816e-01
-1.248790226558637917e+00
1.839628659855777393e+00
-3.875099761069035198e-01
1.770576899904882540e+00
-7.899557751625689850e-01
7.464415556577641553e-02
-1.878370377270486002e-01
8.224504285830248895e-02
-1.410597519794047350e-01
-1.114106463875673914e+00
-4.747724389233874409e-01
1.308694604917342685e+00
-9.285655357082659433e-01
4.183632150463638677e-01
6.887943284798709875e-01
7.400382378316360255e-01
-5.795203447283441001e-02
6.884647391346889744e-01
6.020088010925684491e-02
-3.168883054170761882e-01
-8.278851232619570677e-01
4.712440109453572279e-01
6.342438423580430973e-01
1.196235407243769977e+00
-3.187951014934246041e-01
-7.895316013022762869e-01
-6.936772336294891872e-01
-1.265365196258715352e+00
-1.894876782913755831e+00
-1.680297495153210696e-01
-5.055164904779007040e-01
-2.932312316192038359e-01
1.550001847267971966e+00
6.387008673216881816e-01
-4.802880864362815139e-01
-1.561367052777824282e+00
2.937380498896640102e-01
3.697987798081928124e-01
1.177967004552086472e+00
1.036060970681501159e+00
-6.101247879648264566e-02
-3.450992465783568885e-01
1.631568487104633480e-01
-1.689402186738613032e-01
-1.584000033824511100e-01
1.653440926751525986e+00
3.080342328568628774e-01
-4.876675494290507729e-01
-2.196381527023876790e-01
-8.389621082462787038e-01
6.053826181097987646e-01
9.236147483455762197e-01
2.235515859163624830e-01
4.488181096120509306e-01
-5.379884514272536000e-01
-1.650864557979422553e+00
2.381896152224702023e-01
5.149366197498458364e-01
9.466226658518415993e-02
6.359578373653168581e-01
-1.067804270614252315e+00
6.911663550278976942e-01
1.990920495130043211e+00
3.876015865650828118e-01
1.519476695305617235e-02
8.919524331694275165e-01
-5.099830719776098364e-01
4.752679671564846164e-01
2.072425599853099598e+00
-6.737104473585898978e-02
6.846182504746368691e-01
-9.581669244316558531e-01
-1.303555720189272238e+00
4.082144000002549400e-01
3.923539790835246788e-02
-1.912994322585497287e+00
3.064131296083910660e-01
-8.716179418552595370e-01
9.978072451533642750e-01
-1.645872819319505354e+00
-1.535738989100676744e-01
9.417838375813547547e-01
-7.913611737945592806e-01
-6.901283281511517986e-02
-7.892003660175245239e-01
-5.951302682779158193e-01
1.302741588108115245e+00
-3.052415938860792433e-01
-1.200127448937401975e-01
-3.988827262904673931e-01
-1.378196427105562671e+00
-6.267994048950388253e-01
-1.861281471518651864e+00
7.550455224364635565e-02
4.760006583411202641e-01
-4.254854230767889378e-01
1.661533068139794622e+00
-6.233445913923926218e-01
6.343214433310780942e-01
-5.241820879364481600e-01
-5.501791484808200572e-01
5.854964128895203679e-01
1.051403134370175962e+00
-1.906338198812675078e+00
5.162933708287474888e-01
-2.610525803558066960e-01
-5.687104969550138556e-01
-5.925344976259302454e-01
-6.861779870483285422e-03
-1.457919303892180884e-01
9.001347821040430741e-01
-8.108411971117274186e-02
-2.186343170241410228e+00
7.620057161459822259e-01
-4.086345523191012852e-01
4.401105839412055021e-01
-1.885630318163435959e+00
1.078906540897166755e+00
-5.522245374263986400e-02
7.104756407261719753e-01
-1.600410091912036759e-01
-1.766355749708710399e-01
-3.573256448883373460e-01
3.517122427684711283e-01
-8.119800494844130467e-01
-4.913710189857002919e-01
1.558524318864850322e+00
-7.650386280698882047e-01
1.076520747081196161e+00
2.572125735649518630e-01
7.039889892532785742e-01
1.899636997598944665e-01
-1.365462121725529998e-01
-5.765995269410966184e-01
5.663694991117362854e-01
-5.877783946861708797e-01
1.916709841654784086e+00
-4.662166803405817794e-01
-6.571097308102476220e-02
3.205178812709429392e-01
-8.574050105940226318e-01
-9.180525367104670487e-01
-5.090794761196817397e-01
-5.855602788364220462e-02
1.462638337036200609e-01
-1.791766241479940125e-01
2.800491820818822308e-01
-3.500918743587346227e-01
6.587347333635195090e-01
-1.672347382656571124e+00
-4.254725624069066736e-01
1.422221085216536896e+00
-1.476275014235154837e+00
5.902660117053235567e-01
-3.592913077522640886e-01
4.117523661399608015e-01
-8.012394068629049571e-01
1.308894516159672117e+00
1.560711893033152053e+00
-1.630240878679723726e-01
1.121994243049612594e+00
-1.401100647179718495e+00
-7.848128616314229422e-01
8.240727922243309411e-01
-1.012050091456731860e+00
-1.900284506979928123e+00
-1.491085228334335655e+00
-1.344061466108414038e+00
-6.292971754892419112e-01
-1.068601206342039145e+00
-9.862321644719684866e-02
-1.443440933058339093e+00
9.675215065144747717e-01
-1.138910106823397328e+00
8.952078287931641842e-01
3.614613258394998585e-01
-1.003937598681262866e+00
-9.954494331436495314e-01
-5.402316574261397664e-01
-1.510926822751110121e+00
-7.235958758995154616e-01
-8.333519201796616913e-03
-8.110531195376691205e-01
-5.617337095122811874e-01
1.003853279320392033e+00
1.239592394072796533e-01
-1.938286948051893832e+00
3.483612668699865855e-01
2.327089994749104718e-01
1.510796775957714555e+00
-2.296828222187202728e-01
-1.110831101045301056e-01
3.115034927115116203e-01
-1.406438294495069963e+00
4.763880812825098676e-01
-1.575982897058780585e+00
1.015232041664391405e+00
5.251210003114528124e-01
-5.626650922197308224e-01
-1.179912198932185241e+00
-5.423298791144247621e-01
1.029293559156131188e+00
-5.345125708650734220e-01
-2.757618698757718367e-01
-9.660436466314943349e-01
5.584218444709738716e-01
-4.721973522910582477e-01
4.184317062599988701e-01
-1.443802696971498767e+00
-2.795065280200287550e+00
9.563085619815813176e-01
8.375805768492926573e-01
3.158424004751669845e-01
-6.082184860566114404e-01
-2.048071153742277994e-01
-6.779925022818141800e-01
-1.355817447773398410e+00
1.003647833084058583e+00
9.211500420301266256e-01
-3.612113752394782783e-04
-6.084252136643917286e-01
1.023950238412658420e+00
-1.376655835426333852e+00
-8.391233412923663204e-01
-6.725179192330186240e-01
1.308284612700779892e+00
7.860623468100794708e-01
-1.944156440666384711e-01
1.578514227581155616e-01
-3.457906188397289471e-01
-8.393282963029661259e-01
1.249948131631184234e+00
1.628315232492119069e-01
7.962856508369983155e-01
-1.401272578558136805e+00
2.758844275836266569e+00
1.193489672316950356e+00
3.445358170076425197e-01
9.340065216943802540e-01
2.633822363270421629e+00
2.297126722885561634e+00
-4.924180856874215140e-01
-2.702387728319444182e-01
1.703789010627200007e+00
7.019486744365436293e-01
1.133528748506248851e+00
4.448553175781842506e-01
-2.154348615093975461e+00
-6.085678715024580576e-01
7.457381687204324150e-01
-1.026876065748622696e-01
-2.780452092042108303e-01
-6.946044298710553067e-01
-1.715114521144308402e+00
-2.698983234647213403e-02
-1.669606995268190008e+00
1.012749538638970881e+00
5.596656952268643792e-01
-7.087094490941135971e-01
1.013481926213050333e+00
1.248763605284161776e-01
1.999063143345166660e-01
-3.549542500680798462e-01
8.053822653475100068e-01
2.364865499623448053e-01
1.264493914898700000e+00
8.839343375776815837e-01
1.838172134993138584e+00
-6.212148082168889029e-01
-8.337724075793343514e-01
1.002345977053407111e+00
1.589325517230505858e+00
-1.366955182761570020e-01
-1.515872791279278209e+00
-2.038053274257850322e+00
-8.964596766068254619e-01
4.912821832063255650e-02
6.825771001591715015e-01
-1.840934825734972247e+00
-8.946038280316920277e-01
-2.390816919590340317e-01
1.421551769532331866e+00
6.102858353579079242e-01
8.237750912944799900e-03
-6.109051471936896016e-01
-4.565375361583667302e-01
1.189519252770019353e+00
-3.005705231460294446e-01
-1.101106929544408253e+00
-7.657576251085133068e-01
1.261305084565815138e+00
2.454839707659106640e+00
-5.078336670955112542e-01
5.964812991953849508e-01
-2.459266633034945526e-01
8.854086898526875027e-03
-2.065044092303371492e+00
1.247461567408130190e+00
1.601893626046611008e+00
-1.240058145868267570e+00
1.811406055694817496e+00
-1.158613128373288947e-01
1.294659455780014179e+00
1.389722210989614126e+00
-7.998796366051456053e-01
1.743939978711481209e-01
3.407214139124754571e-01
5.827491366778778659e-01
1.825490653769313187e+00
1.988697233550752008e+00
-1.148041642904379378e+00
2.940363976167551519e-01
1.192756855520293174e-01
8.862892451215220735e-01
-1.983303313072048768e+00
-5.881061527828012059e-01
-1.877497270184380340e-01
-1.664436206511690886e+00
-4.022941219984795813e-01
-4.838501697762838671e-01
-9.236195969358181879e-01
-1.423025785805048238e-01
5.654693148504581490e-01
-5.173992667353674024e-01
1.279134091999375444e+00
4.012824980456604629e-01
-1.264012081851054736e+00
4.369495233706401360e-01
-6.862245030179198180e-01
1.176308541662365093e+00
8.603537376384390312e-03
-3.151170699536027797e-01
-1.348981451239225748e+00
2.379447113947006809e+00
8.030686675767843008e-01
-2.277132243812871604e+00
-1.178275401625301422e+00
-8.015242639858533025e-01
5.961469922402667931e-01
-6.711350026895128718e-01
-7.360313231085748864e-01
-1.470946183968445897e+00
4.069205839098550825e-01
-1.802869686519448678e+00
2.973048553003987404e-01
9.724258711546801548e-01
-8.617309671613437860e-01
1.240613231809791772e+00
-6.497275552884336225e-01
-6.466599867549825964e-01
5.613170236285798254e-01
2.225391963294691244e+00
1.439354378063937567e-01
3.901937075809441269e-01
4.142649665843021189e-01
-4.471771544852008451e-01
6.785393924768735874e-02
1.342426494044827390e+00
-4.734951913051224648e-01
-7.078177752783940679e-01
1.236909614615177233e+00
-3.014388744643148876e-01
-7.556384420111587896e-02
9.946038579650049449e-01
4.465010900381446990e-01
1.005585930405412665e+00
-1.098460549975252443e+00
1.290756767497026836e+00
-1.534291779400283051e+00
1.199855576995475737e+00
-1.424681891552961766e+00
7.224549574383042350e-01
-6.123887985229560516e-02
4.994154478684894594e-01
-2.135285349603507077e-01
5.473349068033078746e-02
-8.119455569424706143e-01
-1.551932750586954679e+00
-3.161688337673068672e-02
-8.538519126610935039e-01
1.245024526051028202e+00
-1.706415501061848694e+00
1.516451931699372077e-02
3.475483833567038494e-01
1.540115166553229331e+00
4.370557440695631013e-01
-1.443523466514115006e+00
3.142204524591959980e-01
-1.038830574587839006e+00
5.914853975609838388e-01
6.397750324856471809e-04
-9.244596001093008386e-02
1.142261274132564619e+00
2.602406185299092622e-01
1.421464902004032416e+00
-5.514465989167519622e-01
1.301976682895981341e+00
5.315012912093849407e-01
1.974040076711050251e-01
4.323192339337791901e-01
1.794139596148578208e+00
-1.601035811619782923e+00
7.221256120261364542e-01
-4.683157953129327700e-01
9.068046059660031522e-02
-1.233934092761567181e+00
-4.843181495669422743e-02
-1.864430601930823217e-01
-6.364881003081610533e-01
5.424242648246577758e-01
-6.499453385449837084e-01
-1.306565633307179564e+00
-1.526138237897130823e-01
-6.536113871340423764e-02
-6.684372777005244126e-01
-8.475915827272263448e-01
-3.460140228344993352e-02
-9.866258899690034667e-01
1.459188929664599454e+00
1.467410458220401726e+00
-1.266625704936898078e+00
-1.905265259899427521e+00
8.686868094033101118e-02
-5.696171063519666067e-01
-1.846785620986388432e+00
-3.554850765676602631e-01
-1.276621720164603790e-01
6.336550266523290897e-01
-7.118344755555480186e-01
-8.624691766507661672e-01
-2.066779225821715915e+00
-1.106031291687276763e+00
-2.758141177438178659e-01
-8.898639112489850622e-02
-6.658849213199092842e-01
1.386122301084481145e-01
2.109363770143811712e-01
3.231444187823727665e-01
-8.710545502459360323e-01
4.994070808910801573e-01
5.739165638927631319e-01
-8.301528484127446150e-01
5.106072463921952354e-01
-2.110145362930108126e-01
1.525414322490938002e+00
-9.248970395945201872e-01
-2.844961193771677888e-01
2.657412246725189831e-01
-1.290523272198768057e+00
-1.725445186893307614e+00
6.566279815812734455e-01
-4.027555657752622253e-01
-1.494026586969996462e-01
-9.338397150226375176e-01
-4.713702076898863558e-01
1.405752464554067771e+00
-9.891806786353426473e-01
-1.424074307709296106e+00
1.166790708306020496e+00
1.068335970230540166e+00
-1.961975826048061533e+00
-1.805988264375428143e+00
-1.218213329567130465e+00
6.720465055444437841e-01
-1.896067797541982403e+00
-1.252338648246597907e+00
1.012436600449558854e+00
2.704514603322331623e-01
1.475996809383260056e+00
4.759434408550664020e-01
3.261539393042657831e-01
-8.893595504256577300e-01
-1.805572586251112943e+00
1.810904901787074028e-01
-5.413665018454887345e-01
1.720361303844631040e+00
3.648141864985509075e-01
-1.075383790218366054e+00
4.717856930039707741e-01
-9.907430904059087995e-01
1.280339438066282920e+00
-9.001758601159913498e-02
-2.873128964493073534e-01
-1.580248816446189863e+00
-8.806982493136736867e-01
-2.216580395712761387e-01
-6.870589798149091543e-01
-6.658831623679223322e-01
-1.755048913146640688e+00
5.517227798320678556e-02
-1.672652329168681229e+00
-1.783365008101308602e-01
-9.540646176612959106e-01
2.757016531335130249e-01
-1.929031165627542288e+00
1.318671859312245065e+00
1.649291021492390596e+00
-1.169259414466581104e+00
-1.673680035774431030e+00
4.391383804801753943e-01
3.330117543634511512e-01
-1.993867161093854090e+00
7.036043467017980557e-01
-5.713212666517947236e-01
-5.069186624631026872e-01
-1.355060892201429112e+00
-5.652108293657658322e-01
-1.533592581498258278e+00
1.235692522084618439e+00
4.030183666657343178e-01
1.651129212155048931e+00
9.786896365056819702e-01
-4.600603582931944713e-01
1.077000383990343257e+00
2.272969453037704923e+00
1.469177022044005465e+00
6.354824219588001144e-01
-9.926033890368475554e-02
1.254886895863746910e+00
1.252433981195426371e+00
-9.545264063816288891e-02
-8.305801966112400514e-01
1.489979670209620632e+00
8.004872795075091974e-01
-1.535937467352634089e-01
1.832607629596230803e+00
1.062737659740016216e-01
8.415142837023163735e-02
-9.313654795444215040e-01
2.004686052961297094e+00
-2.721820364490171174e-01
-1.958906799618377881e-01
1.364862656764244786e+00
1.085196403480279015e+00
-1.474920818096433051e+00
-3.773062041985481563e-01
2.482226804558622935e-01
4.413163990352821919e-01
6.663119725090819179e-01
5.657817501337442101e-01
7.267722082464963540e-01
8.033053623676584820e-01
1.481920125996640247e-01
-1.020748565574907341e+00
7.779844976163089454e-01
-7.523303680137964911e-01
-1.076817682269214371e+00
-3.916251320872483066e-01
5.711130713082651633e-01
-1.083939314915879359e+00
-2.804170833055059653e-01
-8.481615872968208958e-01
-7.723442946764246253e-01
-3.617743290383564347e-01
4.087992046691946157e-01
2.515975235518084219e-01
-6.620076445418201505e-01
5.067641623769790771e-01
1.422799381994922507e-01
-1.257246124398009313e+00
-1.090520491127247471e+00
1.060881805872107231e+00
2.759952564921395179e-01
-1.011819675065615876e+00
7.812384807137202625e-01
2.374754686404409176e-01
-3.106566310645760276e-01
-1.175070714238826586e+00
9.141485370647045583e-01
3.837036324743635096e-01
-7.044507032200065799e-01
-2.986513880973666879e-01
3.166103624634167168e+00
-3.993969650103353364e-01
-1.612161980011216578e+00
-5.856130643123226287e-01
9.350432199813839551e-01
2.211278008638749015e-01
1.852855559064711333e+00
-7.972988637176042781e-01
-3.350905742541077648e-01
-8.259015989634479471e-01
-2.202956823307538892e-01
-1.489160596951359938e+00
1.286647212241450067e+00
4.283639084680719855e-01
3.963141810614490557e-01
-9.508723787551513762e-02
-2.347881550554531405e+00
-1.253223954382159278e+00
8.968280749106373184e-01
-4.191994953721886463e-01
-1.869413577770924206e+00
-1.798027374840450054e+00
6.468975790658297587e-02
-1.408302459965552922e+00
-2.636737385627910601e+00
5.819585837006714391e-01
-8.894614683021808688e-01
-5.541497916451468969e-02
-8.548839796951208658e-01
-2.485812158066777466e-01
7.020910620805671520e-01
4.090197012091184581e-01
-6.183328881737697458e-01
-7.797283446796882123e-01
4.341715860463178367e-01
-1.177806567972247365e+00
-1.608729529513365786e-01
-1.403202597321201894e+00
1.351586241314229886e+00
3.299804159712079188e-01
1.525694062297534570e-01
1.257899876038721221e+00
-1.477437396608789477e+00
2.222641039750278269e-01
2.524645363494412154e-01
-1.614303294077727713e-01
2.361945544772919292e-01
-1.177502414097438277e-01
-2.298009380190537132e-01
-5.425583258045511004e-01
4.811042739640091215e-01
-1.551892850553934222e+00
-1.165352817719619710e-01
4.896033406019941192e-01
1.046258938877860700e+00
6.409589657348735425e-01
-5.489528337052105300e-01
3.074835397067130632e-03
-1.005819282914166113e+00
1.389198998868235391e+00
9.175585039106409768e-01
-9.335517919488093286e-01
1.578408601867553884e-01
5.032842665899651680e-01
-3.445124007428670976e-02
-4.945894126669908575e-01
-5.757623287925300870e-01
1.176889320921199467e+00
-5.120483703108511531e-01
-7.347630529913334874e-01
-3.653384581708100654e-01
4.246070454717521536e-01
-5.783685835541544362e-01
2.359209028796904473e-01
-4.418109593132096315e-03
-1.648997848036757086e+00
-1.294018617851871999e+00
-3.369750236603517024e-01
8.971622206789976461e-01
-1.886260567752257866e-01
4.087717080263961189e-01
4.696647233630819596e-01
7.695083272100781135e-01
-1.461954175519084353e+00
-5.268524339592920436e-01
-1.918995696686650820e+00
1.273314743538063842e+00
-1.724056797208734837e+00
-5.765586495578703952e-01
4.618828083936545315e-01
-2.460200541710308719e-01
1.663122665917554643e+00
2.196945877199012465e+00
1.191667295951626349e+00
-8.946084638897222607e-01
2.825108611278333987e-02
2.075824756683537053e+00
-4.369224307320319634e-01
2.306233244673664196e+00
-1.899729889594407028e-01
5.432890030815482607e-01
6.621313577006557871e-01
-7.297798148297246490e-02
-4.906027237119278683e-01
-1.570399650430848448e-01
6.179209396886764516e-01
2.147417749981364032e+00
1.189790747022894335e+00
1.045449271132346536e-01
1.764921257977651314e-01
9.233594063465062618e-01
-6.237364021330062958e-01
-1.251910616380396357e+00
3.766229651683900559e-01
-4.989158432556503597e-01
-7.707171172276300330e-01
-2.332348511858615581e+00
6.217815857252964040e-01
6.366051335898148533e-01
-6.923605831902456265e-01
2.785484192424673155e-01
8.538156529585299026e-01
6.853171094773724548e-01
6.986236498180243837e-01
9.559625233850875814e-01
-4.699137790105314960e-01
-1.951150221851163935e-01
-1.690642117252846077e+00
5.836855849028803611e-01
1.449757887123814259e-01
3.055440346930458906e-02
3.307364626483705328e-01
1.856604459382260042e-01
4.436837361159857163e-01
-2.239073086200663379e-02
1.469167682459255442e+00
1.917976674235574441e-01
-1.437877546588405719e+00
-2.639018369278605114e-01
-2.071956173062835804e-01
-1.527550027947663480e+00
7.142228226581321948e-01
8.993129326555359127e-01
1.512951868339476591e-01
1.980366724594233796e+00
-1.245366735712407635e+00
1.017507911517066266e-01
1.336791234539940788e-02
6.241108244304087727e-01
9.106142391965545979e-01
-1.310873304401086958e+00
-6.619970239227376263e-01
-4.746575918005130346e-01
-8.139320446878496318e-01
-2.562053074141553144e-01
1.213528675303644278e+00
1.101666527898155223e+00
1.326910593442747865e+00
-8.935186173158684575e-01
2.947905044644396066e-01
5.744049543333447361e-02
-2.210829191991274811e-01
1.105422542845448719e+00
-1.440893380740287943e+00
-7.688794510846203023e-01
1.199121245843650208e+00
-1.400522947302443422e+00
-1.285072419052230908e+00
-2.828920320633120156e+00
1.637340827257569575e+00
1.217238882766007224e+00
4.005484471510789568e-01
-1.760017913920818078e+00
-9.236718120643527818e-01
-1.124253250286382233e+00
2.308859712645361384e-01
-5.248021291659700216e-01
-1.168747888837789572e+00
-1.282114947526520110e+00
-1.347801078504129890e+00
1.885647284218312070e+00
6.132957941968614213e-01
-1.203091869950371651e+00
5.889583199154659887e-01
-8.697645194499787902e-01
9.131769834932886853e-01
4.460848711954102930e-01
1.302558995379611506e+00
5.551803259964557258e-01
7.755513515772223254e-01
4.969395844694403652e-01
1.703819726270845436e+00
1.131605522130556318e+00
3.814013620992687814e-01
9.129547422925708977e-01
5.171469770515502162e-01
2.439502830087334484e-01
-8.806572511576360451e-01
-4.052049525598064861e-01
-1.188545415521921278e+00
-1.266136952333427157e+00
-8.250698412756221067e-01
-1.057832656074150446e+00
-3.185784597660039075e-01
3.717609123023984385e-01
1.073304722752988827e+00
-1.197541035165120782e+00
-2.815675303782414485e-01
1.344291300161304104e-01
-3.253774477836702816e-01
8.644059280454218230e-01
-1.635978578075439893e-01
-3.674466234790834673e-01
4.887051323932701252e-01
4.040518392962840766e-01
