-2.556347095045202744e-01
7.983372671447669378e-01
1.157126754436901939e+00
-5.946236106067148697e-01
6.874219803272744178e-01
-9.529033064151215537e-01
-5.075297532235800713e-01
-2.652027062024092885e+00
1.136703572255910233e+00
-1.186637906145824317e+00
1.558744840599023407e-01
-1.076974987381159599e-01
-4.096931925492799387e-01
9.859501286650262930e-01
2.295229169250477597e+00
3.527790477896483590e-01
-4.052339011712209338e-01
6.483508750293841549e-01
3.102977207943994342e-01
1.060571392139613156e-01
-7.063085158945502096e-02
3.838628281695522504e-01
-3.314706583456716871e-01
2.190223412618143684e+00
1.268804814827918737e+00
4.686003348385794909e-01
5.457890571656209833e-02
1.404905243981389162e+00
-3.270983382621338031e-01
-3.297311536820260458e-02
1.792727985873378005e+00
5.344023407986359109e-01
1.723889345073552182e+00
6.915678723119004223e-01
6.906472628952475823e-01
-2.460726532454303728e-01
8.850742367360457941e-01
9.280748303319288350e-01
1.195865384928866959e+00
2.973996224525772281e-01
5.454229427586139156e-01
9.449951515286105774e-01
-8.376551858456141586e-01
8.403412061120757448e-01
1.336176764701466180e+00
8.686653232678887004e-02
2.032047144502957536e+00
-3.721591028663014944e-01
-5.513202385209396983e-01
7.050573449386948743e-02
6.762597861904432461e-01
9.625590287123376720e-01
1.772616765010534667e+00
1.000334217606607012e+00
7.153297750571802061e-01
-1.306548018900258512e+00
-5.243725436756907499e-01
1.157502098611688179e+00
4.352980045003096432e-01
7.264563269648440791e-01
-4.907100040551622411e-01
1.797816155171944708e+00
-5.728231717998544248e-02
1.250196913825111666e+00
1.098854218056809717e+00
9.861448005614446011e-01
-6.263186015696559084e-02
1.200254922477555386e+00
7.566848164696271528e-01
3.243696451294483807e-01
4.915098062257074463e-01
-2.573418777303787541e-01
1.076278856018894059e+00
2.846002434879472354e+00
-7.847243530556077262e-01
5.054838753888651892e-01
1.524739136417239571e+00
-4.854186549803882200e-01
1.335111050834767887e+00
5.827669247141663567e-01
1.716319293775672383e+00
1.658703821285351987e+00
9.902918428324419819e-02
4.048213042065217371e-01
5.788606671707726692e-01
2.522018948599785149e-01
-7.919233758687280189e-02
4.564105612223675612e-01
2.202332643190193728e+00
2.100548697311749535e+00
8.589572268910684594e-01
6.919295026588212494e-01
9.433538024157055446e-01
8.867687529110255262e-01
4.700497078821763708e-01
-6.859818490637104027e-03
3.944229703191722836e-01
4.977569515829313174e-01
1.569549429071410707e+00
4.994003424948130210e-01
9.269732374664889640e-01
1.569601833018709480e-01
8.332102017136319150e-01
1.614345589753629184e+00
-1.979897312272221876e-02
3.471726192710498093e-01
-2.227292602501007579e-02
1.642830125577527500e+00
-4.944367311011728106e-01
8.270164014140305442e-01
1.503979479707247824e-01
-1.486500497589676728e-01
2.682859651604071471e-01
-3.738737447158070881e-01
7.844679873680427962e-01
-5.816243171737934814e-01
7.363093814976965357e-01
-2.763766461107136641e-01
8.209168464462494041e-01
-9.870152149561449706e-01
1.117214429703431211e+00
1.237592666434696564e+00
5.706920773396231272e-01
6.813108783575075877e-01
9.789694035049649745e-01
1.163167290391283970e+00
-1.930706796887825816e-01
-1.550761951073658107e-01
-9.991810356389183578e-01
2.990214647173329521e+00
-1.160959289444951636e+00
4.318994387484244579e-01
-5.384689638479387419e-01
2.309072076538085105e-01
1.396874875140181604e-01
2.163970725018730779e+00
2.074687991390987030e+00
5.798898468889805979e-01
1.306276913557870234e+00
1.437599694233554048e+00
-1.840036790484761708e-01
8.211102280998933134e-02
1.046726440131098723e+00
6.601479341983527149e-01
6.299209474097785533e-01
1.200094580692177448e+00
-4.222047599546209229e-01
6.865704431309741507e-01
4.695636251691635010e-01
6.818312324763642351e-01
2.324679247003238469e+00
1.109649908053085055e+00
1.286991412144522284e+00
1.737403161091922499e+00
7.754262670501346211e-01
1.189033044658903915e+00
-2.445327021943568546e-01
-2.562093649174225218e-01
-4.331096439900761208e-01
-7.437590350786899007e-01
1.604764661108236901e+00
4.519689762457002047e-02
5.012065202431585931e-01
5.428707229081254360e-01
5.378868150673639104e-01
2.804746659866644287e-01
-5.220121112410927577e-02
4.412521686858588144e-01
1.613274287473986934e+00
2.570817765351085527e-02
3.615491696419487755e-01
7.540616517463124557e-01
1.320359506171130626e+00
5.408959186435071675e-01
1.163122389210900387e+00
1.946421165805232611e+00
-1.526963146351694445e-01
5.319395945379679080e-02
7.774675247122432298e-01
1.158384914623671991e+00
4.544368052036413808e-01
1.394104481777583615e+00
1.327725851779107291e+00
-9.761733389699747132e-01
-2.443301723533031211e-01
3.130717234728613851e-01
1.480541542509237474e-01
7.183105385398060871e-01
9.316462603444530810e-01
-4.058662403545895692e-01
1.815598876142673901e-02
5.129687025282545498e-01
-2.896316337188008516e-01
7.312536227142163447e-02
7.688430312181944171e-01
4.274643075152105287e-01
8.791683121997115880e-01
5.896557271019160495e-01
-5.066548992368649085e-01
1.900271989806873840e+00
6.770954555321375690e-01
3.582643556446402644e-01
1.075740772573978266e+00
3.429918518621695722e-01
6.320445987953288158e-01
-8.936211356365595382e-01
3.988001229747883958e-02
1.474577347864729493e+00
4.706461105200332451e-01
8.279032584921600657e-01
1.842101759412426709e+00
1.870345869988736087e+00
8.725700941884845241e-01
3.630860125747651379e-01
1.849290028191580948e+00
6.893736365721550019e-01
-7.389496045267925917e-01
-1.363839105856387013e+00
2.590171653747418201e+00
2.036895957883801955e+00
1.241855753839373300e+00
7.460873748051374266e-01
1.160766335388244697e+00
-6.225031002349281639e-01
6.698693077034725274e-01
6.928721057044261444e-01
-1.591023993836875317e-01
1.465155047519084430e-01
-1.235230286916060960e+00
1.256490563929732129e+00
2.978802525053879102e-01
1.633356529887991737e+00
1.943772769943087564e+00
1.222648209945183417e+00
3.679612710303620249e-01
4.865457852450959936e-02
-2.378918506929230126e-01
4.808171919678562167e-01
7.392995579215561053e-02
8.933105324208622244e-01
-1.047869964298034917e-01
1.591005361599665768e+00
3.606809034417198800e-01
1.938829507077408199e+00
2.023309545575126656e+00
-4.769912847999674410e-02
6.197362289543886238e-01
1.437697881701630820e+00
7.561249060262491550e-01
1.403194114794252823e-01
1.385782849829056307e+00
-4.854754337416490317e-01
-6.150888625533159626e-01
3.763499884596335221e-01
3.648451455972004376e-02
1.942522893737081535e+00
5.317327746513949016e-01
4.740836186717342082e-01
1.192589827489938803e-01
4.178894659305747439e-01
9.071390447933631584e-01
-9.255720080595439825e-01
4.698697358902552690e-01
3.455774530448424420e-01
-7.814350880992928516e-01
-7.891731076616041729e-02
1.507189824025972236e+00
1.863142306974326923e+00
-7.385759269942503424e-01
9.671696003064474134e-02
2.047441117855785642e+00
7.549422675115871062e-01
-3.601817608610803356e-01
7.432619598274925465e-01
-4.320162641846946316e-01
-1.730948447153428216e+00
-3.090830087308651941e-01
6.772981292254874885e-01
-4.153020859314974222e-01
-1.091267258047668165e-01
-1.650945781350723895e-01
4.995858373057210366e-01
8.166718086127957577e-01
1.696973854475405608e+00
1.486742935385690023e+00
5.577766119303432246e-01
1.463653739862052494e-01
1.287649724892283132e+00
1.260998450460495135e-01
2.804806438756742293e-01
2.780286383656619620e+00
5.159248378010921066e-01
1.114524553582138422e+00
1.560373008701451791e+00
-6.185288819887331258e-01
1.637094350545830856e+00
1.802839133533767901e+00
1.382142327006566251e+00
-2.779873896982470449e-01
9.115432073451410488e-01
1.401169412103202339e+00
5.707798566841709720e-02
1.246307470658517769e+00
3.391619958313351058e-01
2.209877131739681200e-01
1.679159776507709589e-01
1.171523971198768166e+00
1.587943020169898301e+00
8.324061409569730730e-01
1.862088913961200243e+00
-5.653928375016326058e-01
9.795656750685650671e-01
1.078628312651508603e+00
7.952040067334493756e-01
2.004159145614055504e+00
1.716441055616634515e+00
1.875577530466927989e+00
1.202195567594922743e+00
7.489248842066700274e-01
1.072435758789459292e+00
1.946383222885754272e+00
-5.565494042237215666e-01
-5.032330890236920151e-01
1.121806034974772992e-01
1.255149390938166132e-01
2.727780613989823633e-01
2.152598624693851104e+00
6.131730777441599667e-01
6.826178004579097625e-01
3.259646415832987421e-01
1.306516111360231935e+00
3.572295910511611439e-01
8.202925994135970011e-01
8.404425143405165333e-01
-3.293616639109163691e-01
-7.773528915750917978e-01
3.461085725280013126e-01
-5.388595893471759268e-01
4.905732666360271832e-01
2.408185213848642592e-01
8.901733529587092519e-01
5.828679038264260592e-01
-1.953879952552480259e-01
-2.156944695282336788e-01
-1.253129554286756542e-01
2.997532712228762053e-01
9.904555390574487639e-01
-1.622868008667602835e-01
1.131394920614182009e+00
1.198030211464304884e+00
2.191478424706129413e+00
8.292042482544691451e-01
1.913545482017786181e+00
5.698000195330468198e-01
-5.500823955867930604e-01
5.267446483745976682e-01
2.362913541453576516e-01
1.888066068521927487e+00
1.392822339896898187e+00
-6.059681411494243219e-01
1.794100965566281847e+00
-1.359584135250158088e-02
3.027512883725850812e-01
3.551370781133249555e-01
8.159469996241064393e-03
1.244863426590095079e+00
2.139109849857807610e-01
1.242373817268054292e-01
4.913509529026074407e-01
6.819123516967002807e-01
-2.849316855820567262e-01
-6.978706111516312927e-01
1.512728990743472224e+00
6.825650426574809693e-01
1.323738737636513396e-01
2.128925181044559523e+00
1.583177954301342227e+00
-2.800776723270202440e-01
1.406221333591369249e-01
5.250877604284346356e-01
1.282662977689333461e+00
-2.600710454919142878e-01
5.550143994175393836e-01
-3.345664673873694483e-01
9.806356652003059837e-01
2.935260704986780156e-01
1.730165615536177537e+00
2.014216546802457763e+00
5.453286111098168965e-01
4.503815870896379359e-01
-5.316077009586304136e-01
-3.580247807379481895e-01
2.148407279760618849e+00
-7.185998094254849589e-01
3.277737050050137046e+00
1.651541233705144940e+00
1.252820135884272906e-02
7.828688449818250739e-01
2.611252317995577665e-01
2.879183695935665810e+00
8.631297294620260407e-01
-3.027525781551407280e-01
1.071378918445848649e+00
-1.364713625578195533e-02
1.459106142397292860e+00
1.507362724186003478e+00
-6.578394488353479508e-01
-4.300901839972659513e-01
5.665121451206873715e-01
1.894747900776713623e+00
7.243545493413195979e-01
1.911953522490820734e-01
-5.988299189404006073e-01
7.472145947076803685e-01
-1.186580641873936193e+00
1.112443100331337309e+00
1.384557561716712959e+00
1.743776881467417605e-01
6.851075168468421239e-01
6.632214878563786886e-01
2.248804787897181523e+00
2.660035728267347022e+00
5.195602678231914240e-02
3.794954571476599203e-01
-1.208891097790293356e-02
-7.707958137187276293e-02
-1.001448093312632265e-01
-3.419216862418538727e-01
6.981482911739189667e-02
5.272325706562692726e-01
-1.324631595428594100e+00
-5.229396153384924251e-01
1.255735083601549285e+00
2.193778218703028582e+00
6.923042313601183162e-01
1.351423815315443422e-01
3.690058974268617398e-02
8.354565366715167585e-01
1.912935634722378042e+00
1.202192851511350247e+00
-2.240162499401096852e-01
2.281012737910111943e-01
-1.002867265539648445e+00
9.642772211577643748e-02
1.056548255013891824e+00
5.297460232027212390e-02
9.952378069049933051e-01
3.112033443552874590e-01
-4.496011893554440197e-01
1.841007983460328790e+00
-9.079757996680627441e-01
5.838467061440949513e-01
6.366170683795031593e-01
9.684303796039657186e-01
2.025495078047795161e+00
-6.511196953800785225e-01
1.805908286970428822e+00
3.964064625749313953e-01
1.019153375518860427e+00
6.575477222432113411e-01
-8.636433348983318936e-02
7.847269608603640867e-01
1.415201801562079753e+00
-4.988194931280327538e-01
1.328377860888242834e+00
-5.816847517389512889e-01
-8.256214791592655367e-01
3.915353671175316741e-01
2.236034656116653085e+00
4.176351397183101222e-01
2.769236109731538775e-01
-9.697922701838471160e-02
6.473009385326295995e-01
1.936278561758157934e+00
4.445706190178988493e-02
1.171353910026029954e+00
3.475656488416370982e-01
1.940792198441682270e+00
9.804587837377134463e-01
9.965965244242664944e-01
4.297597717845924592e-01
1.090343296816390195e+00
-1.450958373772178178e-01
1.244459428158962488e+00
2.919416326236554116e-01
9.867602223005393913e-01
3.705014688407997081e-01
-2.119349387368599791e-01
5.718826085458160735e-01
-1.854268716467038225e-01
1.039320333062900836e+00
1.458968469860417949e+00
1.396812357471067134e+00
4.744528401271930207e-03
6.443537224081032910e-01
-3.275774634976719168e-01
-1.079816526889366413e-01
1.393868202593690597e+00
1.067438082599539317e+00
-1.535822130826761389e-01
2.152209830341518804e-01
1.514252876746796206e+00
6.551037414176517082e-01
1.517673520911545781e-01
1.860498248973485147e+00
4.102461977601220555e-01
1.500508592340655256e-01
-5.622695029599539263e-02
-2.786177254493946154e-01
4.595288292249112283e-01
-7.801019530122755841e-01
-3.809678239363720187e-01
2.421328921585461647e+00
-6.469768395001389560e-01
9.569351680595024057e-01
2.601063682505399210e+00
1.352221888378339454e+00
-1.421561569037422257e-01
1.872552931218222971e+00
3.435661113483653994e-01
8.214610806837154833e-01
1.381908544655827908e+00
1.487304706479467331e+00
1.604461546141530359e+00
1.241298313922814534e-01
-2.205461206891323744e-01
4.027508891888990084e-01
-2.445273949933444158e-01
2.844945408721694324e+00
5.494249324090898501e-01
1.913964925030911535e-01
-3.675300377754627812e-01
1.006595185366996048e-01
1.017894976301148224e+00
2.535000903486329671e-01
1.723583719722733276e+00
1.028597545761184673e+00
3.197283906119406938e-01
7.659385915509083764e-01
5.175107611765186744e-02
1.898416235576287914e+00
2.322105611691678284e+00
-2.278281513901054822e-01
5.082256897352069869e-01
-1.131817583281286010e+00
1.905940610011761516e-01
-1.160060308616304159e+00
1.020603343571900412e+00
1.332732138379156606e+00
-1.270506137703531158e+00
-5.354165006899513912e-02
5.862198330752180775e-01
8.650670728261533604e-02
8.039430051924766341e-01
1.205627402317515529e+00
2.660228273940867805e-02
1.208983145446219432e+00
-1.379713211516437665e+00
2.146500893284073452e+00
4.632901086200208463e-01
6.433882784858139248e-01
1.224353770835338695e+00
1.715478106489979782e+00
1.285062484386060300e+00
3.969754036525132146e-01
7.702511118845267735e-01
1.462262784694343454e+00
2.294340727600370500e-02
8.283030948664602544e-01
-8.327845086088943027e-01
1.173459235274018631e-01
9.612683871513092448e-01
5.447795186324592143e-01
-4.337095691238579964e-01
1.137919302265147259e+00
1.301704801041032145e+00
-1.012868505291478538e+00
6.251627141151105960e-01
3.435320091218807548e-01
6.068075425837463621e-01
1.094298645202300246e+00
1.284339557692662614e+00
-2.376623967927501968e-01
-4.247749940562244308e-01
2.232948127848772835e+00
-2.063966917333943663e-01
8.806500198278450764e-01
4.652235988234600383e-01
-2.581118334094160138e-01
1.783044195098457241e+00
-7.145166615158149437e-02
-1.277451239436382391e+00
-1.179559178833423094e-01
-5.380799108916578533e-02
5.366664739318467436e-01
1.290558199834213049e-01
2.487790285170527138e+00
2.478940528194693904e+00
-1.341441151839844359e+00
3.393887206314026850e-01
-6.447844885513611679e-01
9.443167795747916538e-01
5.292038694340708282e-01
9.746229859455074473e-01
9.173167138859649183e-01
7.099681483677877658e-01
6.995387753964733557e-01
1.992371451458482268e-01
1.606645232298415715e+00
1.132763828833437181e+00
6.961979261168651512e-01
1.113331454987211422e-01
2.445843542602836873e-01
6.811598208003839527e-01
9.410396322395673252e-01
4.155678700705691675e-01
-3.940075877814602778e-01
5.566662531188371066e-01
-5.403884963603371450e-01
2.820978581598010404e-01
-5.304986578980503964e-01
-2.668584192934703170e-01
1.607006309176216008e-01
-1.707457744658078258e-01
1.704652655887829438e-01
2.220170243844599434e-01
5.818483766180552186e-01
1.230750755823844411e+00
5.611179126298940778e-01
1.122183650377236219e+00
-5.589316666169872327e-01
6.942362354171546235e-01
-2.296796292976781562e-01
1.643183092723571770e+00
-2.111905256362696937e-01
3.516871907317375978e-01
-4.668517423414216272e-01
-3.450888904643166777e-01
-2.118900109268793686e-01
-9.613546445938533358e-01
1.355626592970036404e+00
7.760647502416710974e-01
1.058601807903491121e+00
5.559887742276938827e-01
2.466399471837755764e-01
-6.025622141660850195e-01
5.292583867780212836e-01
1.588054077910781681e+00
-8.827915200430288545e-01
-2.706302728409850644e-01
-6.400301829832867329e-01
9.000781041190625276e-02
1.181202676250185490e+00
6.303391768564040598e-01
1.069471392396612153e+00
8.990381344620529402e-01
-9.845066996328983855e-01
5.706030691194573512e-01
2.885721802267084968e-01
4.095620682305744498e-01
1.191367591025391581e+00
3.550559882012774837e-01
1.291649310918738802e-01
7.007084978806221720e-01
-1.202006569921306500e+00
5.097677240196254456e-01
3.032736830671108330e-01
2.394650001396292915e-01
9.859146209787507109e-01
2.174889533629864036e-01
1.587878892542206932e+00
-1.370686234770567002e-01
2.491075418200182412e+00
1.675721550520019365e+00
7.938646187361766415e-01
2.601133593671288713e-01
3.001823819577906227e-01
2.992705731738100616e-01
7.165527643003484215e-01
7.957969390657637643e-01
1.718549424234247780e-01
1.328763770769245456e+00
-5.489505611585596689e-01
7.766888185760675301e-01
6.595365220378435200e-01
-1.992114586636537510e-01
7.743565651269390671e-01
2.076061987189890878e+00
1.492406885858249543e-03
1.358048068334548830e+00
2.931026561602240177e-01
-3.925924169384381601e-02
-1.173206112750885821e-01
1.225723832460686502e+00
-1.107176341749309456e+00
1.171326315360529113e+00
2.894192130296265320e-01
6.789615697264232974e-01
2.010764605125580307e+00
-1.677704824188616106e-01
7.471157547293966195e-01
-5.574641476377507621e-01
1.659458317277363593e+00
5.306666558170908266e-01
7.799832174234786475e-01
-4.244087890484787851e-01
1.529852915704729810e+00
7.556909717570604590e-01
5.402265411394635564e-02
1.960967926372786163e+00
1.890745231778659941e-01
7.257100650593203417e-01
-3.884871969673946435e-01
1.453088328679294827e+00
1.082691303234971425e+00
1.011534068355921079e+00
7.601715168885619933e-01
1.139212457577810422e+00
9.115860653303351491e-01
8.345746077682926201e-01
5.158899118226293323e-01
8.897204500538234972e-01
9.298626084887346988e-01
1.467425219810577275e+00
-1.110275027906082901e+00
-3.650167451612004177e-01
9.846582674930350887e-01
1.313173711872696714e+00
1.263377716075500645e+00
9.996098307449610143e-01
1.564020487590848330e+00
1.925096974369727709e-01
6.885080537720865423e-02
1.323689469575513922e+00
2.247634391926343067e-01
4.331195121113117219e-01
1.025832632600498506e-01
2.281241735281356320e-01
1.373648220497953654e+00
-3.483116709173975645e-01
1.076668555321144360e+00
1.486135245040050012e+00
6.458296991756776739e-01
-1.557308667793499746e+00
2.415226846800435923e-01
3.530511887242591129e-01
5.486944093048031768e-01
-5.458358488791601459e-01
6.764036612064592280e-01
2.533883761923091171e+00
1.729147990260723189e+00
9.468827337770592267e-01
-9.724873255942473316e-01
1.880095983548439431e+00
5.033973225975368893e-01
4.559035716282042738e-01
1.721701830084950924e+00
4.794378369300730802e-01
-2.085496859949435011e-01
1.093832405064587121e+00
1.006329578939316516e+00
1.287242924723994708e+00
-5.698034445418215244e-02
5.819250850823496357e-01
4.102700398346570410e-02
8.170237254327894494e-01
-1.942512318839750840e-02
-1.930547375836149937e-01
1.100045072629700416e+00
-8.721142690756282789e-01
-1.526463443398385911e-01
6.214723262755534883e-01
-3.900150333089237309e-01
-4.939163622120901209e-02
-2.971831506721955840e-02
7.729017991964447498e-01
-2.022688424438825738e-01
-6.986954844993816804e-01
1.830718463122543715e-02
7.985849230328408987e-01
-1.671155723994932618e-02
-8.701968652813585337e-01
3.390066145565855393e-01
7.419941522292002878e-01
4.942128873284075130e-01
-6.623528429621396985e-01
-3.028699840332367554e-02
1.017770920312088823e+00
5.126329739379736905e-02
7.678723044584890856e-01
8.444377747358178254e-01
8.032431883103516856e-01
1.220630079677333502e+00
1.564883749364528676e+00
1.020869339176430524e+00
-2.787302983427384362e-01
1.425106613410487499e+00
9.198989375396990908e-01
5.004026457490158286e-01
7.402741650130375550e-01
-7.006481247947837776e-03
6.658927703809672805e-01
1.537785341939151396e+00
-5.431663883931887593e-01
-5.866579998390423212e-01
1.261818164705301504e+00
1.309908515388160666e+00
1.525187184069490831e+00
1.570132421692782776e+00
1.017496576400654940e+00
-7.014906093424393418e-01
3.015129445238123873e-01
1.505835827730348075e+00
9.588190607937621124e-01
6.249691509725658900e-01
8.289247033801908637e-01
1.045328685171783789e+00
1.112358503197488968e+00
6.230135743126192782e-01
3.316269780979844706e-01
6.603880887342492567e-01
1.876861863722042445e-01
1.589775398857706579e+00
6.398066711347839552e-01
2.571399477446300708e+00
9.898731964027847052e-01
6.910180596083537186e-01
-4.019049359174724501e-01
9.684183447880827522e-01
1.260889076699772238e+00
2.611104479689414504e+00
1.580263679312767122e+00
1.347624256173652890e+00
3.551398893448608485e-01
2.460970162774333281e-01
1.200902058995981569e+00
2.101361897010298296e+00
1.693244474470628314e+00
4.287014600517549678e-01
4.233247776129193674e-01
1.873887473308781582e+00
1.218454216920588307e+00
6.156394186796700918e-01
8.639266499039677250e-01
2.829106955186755368e-01
1.236324926310831129e+00
1.657102547319726282e+00
3.126793604394953463e-01
1.544643700199016534e+00
1.432583429511911977e+00
1.324608673969137618e-01
1.096998932222184919e+00
1.591293980286229703e-01
6.109019850986419087e-01
-2.480725548310516726e-01
1.209906500016771025e+00
1.837003761469527152e+00
1.342427812789562136e+00
-2.425898564651886025e-01
1.430413917568718052e+00
7.378760661322351089e-01
8.913581526280441869e-01
3.899823897444618104e-01
6.754919234613326884e-02
-6.207315562207338377e-01
6.011213291975313622e-01
1.391437860939143567e+00
8.672851249827560061e-01
6.002194872425122840e-01
-2.037529207462606129e-01
9.538686221531100795e-02
-1.259126043900811731e-01
4.530554817726046846e-01
1.252677510981734521e+00
3.412008735347629718e-01
1.323443016174640496e-01
1.328926485941269497e+00
-8.739393250677348624e-01
3.895171373674792825e-01
1.569873403654953314e-01
-5.781577101695517529e-01
1.674126042424643579e+00
1.225502999872130960e+00
-1.902831297586998760e-02
7.090750544554131896e-01
1.408272394065634758e+00
1.711976217309534753e+00
-4.028111205132881012e-02
-1.103750323385942478e+00
-5.599824163486841755e-01
1.679868081772283750e+00
1.030957699802300453e+00
-1.301883833223845821e-01
1.238534297443973697e+00
1.126008416455187122e+00
9.343783784400765402e-01
1.274988109056034435e+00
1.385006078662007312e+00
7.656725750899616711e-01
-1.076364751315147528e+00
5.109400948299795964e-01
1.701944341451171461e+00
2.771564309211943522e-01
1.339323110950942475e+00
2.489884150873870328e-01
1.534726975963170759e+00
-4.655049645225808191e-02
1.310456379675496885e+00
7.780137183044122384e-01
5.015431980287003988e-01
8.905784530339013738e-01
1.037358552823486768e+00
1.013313429094743867e+00
-7.560722199776206409e-01
1.702288167343509961e+00
8.872460778396379366e-01
1.483223063619790949e+00
9.596406734714795217e-01
8.382272147415364971e-02
1.385403880851497349e-01
3.031631579462468196e-02
1.263170303607410894e+00
-3.043940486545245738e-01
1.551648640614612940e-01
-1.074091190335209889e-01
9.299405152101928307e-01
1.529150297829948713e-01
1.882768344522866677e+00
-8.362220076027647719e-01
-3.431945609450572920e-01
9.817723930972309665e-01
2.068949724701830695e-01
9.310261337597700582e-01
2.285913194098946888e-01
5.793918064936536272e-01
-1.566220378943932179e-01
3.249101348459455529e-01
3.122834090395906204e-01
1.203621690479836692e+00
1.394408233450184609e+00
1.919428598818931464e+00
7.119323808459663283e-01
3.320760601202003004e-01
1.623685935446835593e+00
-2.981876894380340870e-01
3.816038337135675695e-02
-3.048908581928733708e-01
-8.789142832091537683e-01
1.365218714942849354e-01
6.647359907123040479e-01
1.180687354812119949e-01
-2.649658418465719034e-01
4.021680074663734339e-01
1.038707159973387029e+00
-5.034226613182515297e-01
7.842423705337291384e-01
-3.839632847481048161e-01
2.232914478368961397e-01
1.709595595173635241e-01
-3.120273820460980896e-01
6.584118011555201155e-01
3.433820357681565127e-01
-4.530689457779752960e-01
1.264163287054895335e+00
1.170265212624830742e+00
1.477365776967439981e+00
-1.646542863455837669e-01
3.227140827278622282e-01
7.184783650663148502e-02
3.457723180076761188e-02
8.534403094106953747e-01
3.407290533835948265e-01
2.523710447189463357e-01
-2.550145147760354281e-01
-9.576526650641867811e-01
-7.623637474363931243e-02
6.266562772979813456e-01
-1.400004652020261364e-01
8.410035807739961733e-01
8.640491614312533208e-01
7.133071781814255274e-01
-3.473941083154943321e-01
-7.373096874574750492e-01
-7.978995033622840460e-02
8.637960120734273772e-01
1.785746628244315293e+00
5.210498436237772646e-01
5.821481048854927343e-01
2.506487987239486293e-01
4.400743564075639269e-01
2.635840715233910725e+00
1.274520307991784618e+00
-9.451897868929629576e-01
-1.660390652321370952e+00
7.321631964125299152e-01
2.713693809226144227e-01
6.635125678961304452e-01
-7.256876285922569947e-01
-5.562600198951473951e-01
1.092426000248166718e+00
