2.961888311551310160e+00
1.993331156187293507e-01
1.400466523091229432e+00
6.750227434505575719e-01
4.374237768486618494e-01
1.441603544548221372e+00
1.783334943192772748e+00
7.365768473804571448e-01
-7.641586961019897206e-02
1.729223474392839854e+00
-6.320574164833554498e-01
1.161967736375722593e+00
1.856133774653073054e+00
-8.504818258464641456e-01
7.061276081569221041e-01
9.043786646448409572e-01
1.331537495697147744e+00
1.350037055911463391e+00
6.882046682045580566e-01
-1.071764857824311079e+00
1.223116382427138493e+00
2.086759357975309648e-02
1.147146157249752552e+00
1.629423828403175456e+00
1.917965694084474038e+00
-2.945541653674593752e-02
4.707221250907130394e-01
8.580566278863810403e-02
-1.685795298144758814e-01
-1.742596582586547482e-03
9.162426157833022389e-01
6.506370753632750858e-01
3.291776980211782999e-01
-1.110945149954932765e+00
1.005084117541941380e+00
6.292376442593410335e-01
5.923909474104493977e-01
1.187112824432364100e+00
-1.604439454634047912e-01
6.653403995067331822e-01
1.696519515066635675e-02
1.348551985853606805e+00
4.699908836051586714e-01
-6.016853569665310264e-01
6.907365076829704575e-01
-1.104989336003957767e+00
1.379479947064231826e+00
1.587769191516482437e+00
3.568677537560737689e-01
1.524839228170020711e+00
-1.671558361862141295e-01
-8.206728890399009879e-01
8.679165772359265230e-01
1.253980097190666720e+00
-6.987679631611970477e-02
5.378592419215155740e-01
7.716560816681423685e-01
2.865189709918686489e+00
1.415678506707292117e+00
-7.595748741075214472e-03
1.117124730619451389e+00
1.573872168712437292e+00
4.789439748118887175e-01
1.615629129432271327e+00
5.309551427710551552e-01
-2.110200862326625515e-01
7.295355140772078473e-01
-6.506860605711470846e-01
4.017547414369929126e-01
1.048130807459167313e+00
3.830652540047329579e-01
-3.216088690275370476e-02
9.008936516493403213e-01
1.759022819224957734e+00
-4.414068582963109333e-01
3.999460167984617009e-01
-4.021511474890329119e-01
8.830751129407746203e-02
7.602258312501820603e-01
-4.110694810767862029e-01
2.482638150097841390e+00
7.480411686920621639e-01
3.853220293265156027e-01
9.309216655860219625e-01
4.696223320077443919e-01
8.046293384967906359e-01
-1.057266758551781871e+00
-6.039035103660241877e-01
8.603120039861124058e-01
-9.506990761933755696e-01
1.334764542093651141e+00
3.057505039441693606e-01
-1.506863476898058218e-01
5.332167546815408388e-01
1.182557409754689814e+00
8.470357601376454770e-01
7.852745194196296685e-01
2.266411706041579155e+00
9.887131230120977943e-01
1.346598309814577288e-01
2.673875757411016130e-01
2.152708579987436366e+00
1.584893361628442188e-01
-1.037012023667976512e+00
4.626579204292007308e-01
4.640663797054858652e-01
2.411950515981109433e-01
1.617203345764604450e+00
-9.237427323159683179e-02
9.211480004687504497e-01
2.376778041308569012e-01
-1.038017601733838724e+00
9.578756639792930239e-01
-4.867920357274028720e-01
-3.196942844814475437e-01
5.115289054629260646e-01
-5.504061339346337789e-01
1.739539443086527637e+00
1.040327365918437330e+00
-8.202706321118640176e-01
-1.029099999861488035e-01
9.283114661148023083e-01
8.681560629025275588e-01
-1.692353100652822240e-01
-4.324401106757574942e-01
2.388453766054483562e-01
1.664666059104352502e+00
8.830592247018399510e-01
2.385078714870850769e-01
1.809631280989343782e+00
-1.045976514824380477e-01
3.541135704312681209e-01
-1.224779544884557758e-02
-8.545391452757070683e-01
3.010230861201736441e-01
2.568926728614090993e-01
5.550053952175260097e-01
1.101968846445901207e+00
1.096858684282144836e+00
6.275480047233398251e-01
5.797246985946208353e-01
-2.656107226021653389e-01
1.078168659421585795e+00
2.132516119543895527e+00
6.712780359722669843e-02
2.489632674522733957e+00
1.446437292636276073e+00
-6.188953115296729202e-01
9.292612414230990714e-01
-3.178187954431983542e-01
2.725495039440112288e-01
2.965983942006311103e-01
1.767797259592411629e+00
3.132723343623294854e-01
1.301780789777551572e-01
1.012043359750686156e+00
1.630795881928487345e-01
2.134984146343262279e-01
6.707838143194833069e-02
-9.823878665330422200e-01
7.641240902260251211e-01
-1.853333937084440386e-01
-4.669243110934806484e-02
9.647034439664647909e-01
1.927738810649865631e+00
2.060661140155068072e+00
7.540471024395745125e-01
2.965145293128714221e-01
9.784236794607601428e-01
-9.426033271329731233e-02
3.138554399555771868e-01
-4.620664948376721620e-02
5.260990564172657313e-02
1.464310406910285800e-01
6.798225766190091335e-01
2.182650267721713000e+00
3.360525113819487486e-01
-4.366629831769119896e-02
9.701631759223416918e-01
1.403612820722295540e+00
1.440688304989767188e+00
1.361538599961351625e+00
5.835665877684587111e-02
8.569291480121558058e-01
1.384226844025504555e+00
8.566748432352294662e-01
-4.923706038146163921e-01
5.909755656539112945e-01
3.236866048340321100e-01
-4.169333804951403932e-01
1.011636981534389967e+00
1.787244943897969285e-01
1.113651880927666982e+00
6.858058493524835653e-01
2.008921863524705476e+00
1.749697267222923180e+00
-2.488194371618992484e-01
1.665651110651055200e+00
-1.484660360911353338e+00
3.173391404246530545e-01
3.897970593504094250e-01
-3.621731155863378016e-02
-2.182223925123658037e-01
6.961220415714889365e-01
7.543990464476673097e-01
3.927040542890285479e-01
1.726119257415460684e+00
-1.020732269130812941e-01
1.471131846958907641e+00
-3.153063308106588414e-01
4.747944040649273445e-01
-7.703893020819596593e-01
9.906208607867321714e-01
-4.204322209834575053e-01
-5.135011694549238559e-01
9.568736379071817177e-01
-8.921652294918125392e-02
5.663026719294370626e-01
3.924578060128122714e-01
1.129852359720883381e+00
5.356125570399351554e-01
4.960255990888380317e-01
6.145174374882755863e-01
1.979038156170137785e+00
7.952421303487031690e-01
1.112922254739176497e-02
-8.516465962739505624e-01
6.610851990149511082e-01
6.207567528628166187e-01
3.410137564242131658e-01
-7.960915154088854528e-01
-6.866300164989600496e-01
1.629135776701275518e+00
-1.087698842426902957e+00
1.230958098057721939e+00
-2.582164031622264933e-01
1.496379125805319177e+00
6.951110386263790186e-01
3.241147052210602841e-01
-1.106510222652888065e-01
4.115980744317820350e-01
9.736688744832291409e-01
-9.640809865435756576e-01
-2.097498405754603390e-01
1.566771191824226417e+00
1.434187450990410229e+00
8.295903906945722994e-01
1.590268166634577041e+00
-3.946864010331418982e-02
5.257869042779473867e-01
2.048745632001240935e+00
1.235135441914646970e+00
1.008669564402631114e+00
2.126445296661674811e-01
-3.846438684371104033e-01
-9.780716614810629483e-01
9.052297564324418566e-01
9.111282881888144169e-01
1.094530539974573946e+00
1.034876736492377436e+00
3.990908524216497666e-01
-3.287167160983679448e-01
1.964610819177024847e+00
1.774466196963544906e+00
1.252808556120761141e+00
9.127740615355270926e-01
3.226134560903173853e-01
1.242109815891597968e+00
5.644206319301376951e-01
6.281228289710162338e-01
1.191452661648836342e+00
9.103554021697748411e-01
9.257956206056258130e-01
-2.601945737796107494e-01
3.785897934525698227e-01
-2.561700005332779861e-01
2.090044436329510980e+00
1.781774874756340554e-01
9.220429773628929793e-01
3.534070224366644419e-01
1.656016893050983096e+00
2.035600655659769442e-01
8.107466488673825689e-01
-6.337104907906417894e-01
4.238754440461152684e-01
-3.011958488511750076e-01
-1.057950006216497041e-01
-6.685472120222557546e-02
5.821916228523933423e-01
5.143201549979036225e-01
6.587171526398009069e-01
-5.233365584718443486e-01
7.103497557807006979e-01
-6.585773389179627735e-01
6.412055240628725672e-01
-3.694583666254360743e-01
5.522060782301865256e-01
-4.672824840367233445e-01
1.903534808320742178e+00
1.233670723088890586e+00
-3.695607306172368212e-01
-5.652307083360805784e-01
9.163252098744740781e-01
1.837800350901661828e+00
-2.313430877524549345e-01
9.938814865866075765e-01
-2.100111228870760183e-02
1.946259933883962567e-01
2.774779065776014519e+00
-2.260034743869865359e-02
7.338541627695429614e-01
-7.616217999966701235e-04
2.719627381813229383e-01
1.905223016054907292e+00
4.293812067443473213e-01
-6.717640166029392734e-01
2.135612606412720105e+00
5.037259874905677393e-01
2.115046350253794172e-01
-2.106011539936943067e-01
-2.111880591748639402e-01
9.692182183950983632e-01
5.609903474657389477e-01
-2.781854975859855972e-01
8.640168362784242384e-02
2.279166937823762673e+00
2.185319046839903745e+00
9.460625463020100323e-01
1.288752661240728514e+00
-8.814995360498694144e-01
1.136144734778980814e+00
2.069191139824434256e+00
3.353700570481263910e-01
2.953398805157458895e-02
4.389270980725212823e-01
-7.990249807076557076e-01
5.426299519773604141e-01
3.853696434626259215e-01
7.869442649151425773e-01
1.060269087453058923e+00
-1.074973025264269744e-03
1.481308825952853514e+00
-1.697936413690648294e-03
1.131299917919800890e+00
5.988375788818461887e-01
-7.123173724720279765e-01
2.984408525095587628e-01
1.055754147879216509e+00
2.041116022808980635e+00
2.340930890026100553e+00
4.975564601347650662e-01
-6.579600562915175477e-01
-3.029681131260512639e-01
2.422795023332641184e-01
1.001235136357844224e+00
1.465589167270215709e+00
-5.270561107839963899e-01
5.388597413813199788e-01
3.715153449321964008e-01
8.953340947749833800e-01
1.357764627045866757e+00
7.121959240284205794e-01
9.582962434752528846e-01
2.517175453088440484e+00
1.017918638997614478e+00
1.791872339098534717e+00
-2.883871545094471855e-01
1.020908674411796557e+00
-1.559250583514187327e-01
-5.152163101995150818e-01
-1.889373214896511444e-02
-8.156113000029434623e-01
4.635566732292454306e-01
1.820624481612882761e-01
1.693709248961206892e+00
9.049159527714543128e-01
1.173889282945045132e+00
1.287432567382097659e+00
-1.809217870804324391e-01
-4.750325470601161060e-01
-9.317191252076499897e-01
1.548550728339590232e-01
7.837283117304270075e-01
1.141073847801366004e-02
-7.248749361885367115e-01
9.429576570318917161e-01
1.769389779408267138e+00
4.595514166516856402e-01
1.868883793411213912e+00
6.550769114002163995e-01
1.022379385633797710e+00
-1.588284803692006086e-01
2.013393443070710997e+00
-3.960988567352883294e-01
1.366022635044589428e+00
9.048296520580948465e-01
-7.456480193415169211e-01
1.475480616497988340e+00
-4.931613124954028482e-01
-5.280167839171343580e-01
8.271777554107152541e-01
1.137927110266694353e+00
3.807060770419881113e-01
-1.369692862917506471e-01
1.153886541778542441e+00
1.681878951524201082e-01
-1.530724297384851718e-01
-4.514198711142043963e-01
5.809283476789474099e-01
8.154262356381593024e-01
7.990128523466877297e-01
-1.451446749558743976e+00
1.940684758890881767e+00
3.910754988891279593e-01
7.514055026019141881e-01
-5.817571330027003773e-01
3.502869256998886183e-01
-4.442344629596405303e-01
1.287864228724617366e+00
2.223122750811476589e+00
-1.148401712358922744e+00
3.441566385445586351e-01
2.016576186780413504e+00
-1.482552474690296829e-01
1.622269637451498436e+00
3.502047090368546334e-01
4.452051847352779812e-01
3.892557934868065006e-01
5.791333789449879532e-01
1.483192497772652940e+00
4.908673661869583649e-01
-5.310465147520537776e-01
6.001545277155047042e-01
1.235880348512253812e+00
2.613664136419444617e+00
8.146372958139046494e-01
2.903787422344413782e-01
2.067063789950654762e+00
1.195767413016246561e-01
7.438079734524019049e-01
2.026453007672963214e+00
2.011561722216530068e+00
4.409124307659418318e-01
-4.491663625523827363e-01
6.853807338012894990e-01
-6.800754817063809909e-01
3.954186231054243050e-01
4.054264010866238666e-01
5.244849646829401885e-02
3.253336260145218151e-01
6.891842303101495260e-01
6.298162983244597335e-01
4.347845274093219414e-01
1.980054513603784760e-01
2.133779421982958113e-01
1.055862160290227392e+00
-8.702093967828913867e-02
1.932956269745098599e-01
9.065004405358831896e-01
1.644159676709138207e+00
7.184915300590835052e-01
8.583593108896456769e-01
7.506264525736457971e-01
2.547620372806463362e-01
1.342835071749824527e+00
5.973805836284524773e-01
1.082064402104487844e+00
1.729722728588271918e+00
2.296195606621193042e-01
1.754911062729709759e+00
1.715637184427995399e+00
1.623208625529171667e-01
-5.393470502210802042e-01
-1.344232440579147536e-01
-1.559075186440802008e-01
1.967285928983541599e+00
-1.519136868548644770e-01
-6.017159344307230207e-01
1.409141378352975815e+00
9.632262032469942614e-01
8.999184166884293123e-01
4.579091597388806889e-02
5.463201265838757426e-01
-5.689918683216819151e-01
6.041272426597220635e-01
8.547072251147656008e-01
1.035449935953586031e+00
1.025980151488565806e+00
-2.365852123031811083e-01
1.829602886029326747e+00
-9.378590678148466253e-01
-1.030082691768093861e-01
3.418011117188125558e-01
-7.768303782131878998e-01
-7.135788723608791351e-01
7.942315411937996839e-01
4.385521259828073504e-02
9.013500589641483263e-01
5.458467160720617550e-02
7.754077280183806486e-01
7.583674983002138825e-01
1.515322971222782478e+00
-1.229329875485670881e-01
1.039230107774967493e+00
1.325253891064697154e+00
1.712265987174377280e-01
1.932955423588143873e+00
1.020259688646995455e+00
-1.322032552615383105e-01
-5.985863273270275453e-02
4.208780243516001551e-01
3.189485805285902087e-01
5.999177564972461019e-01
1.985918111355442495e-01
1.806372681654603074e+00
1.741292027362547401e+00
4.590399625548035045e-01
8.244140183164574420e-01
9.143962011743106411e-01
1.199392676631899080e-01
1.589204996498476019e+00
1.672378369821188038e+00
1.261107464699615210e+00
9.396066773085255397e-01
7.766573016902031945e-01
-1.610059354572416224e-01
7.662251725260809110e-01
3.127472416857243198e-01
5.137349546471398076e-01
4.620507313673227756e-01
1.132633451857316675e+00
1.511908778338574288e-01
6.342261281419048213e-01
3.631190662702367122e-01
5.549578346305860110e-01
2.274329960538243878e-01
-1.882868737031810624e-01
1.920715139930823101e-01
6.657874050876881888e-01
1.256336267292190279e+00
1.223848313063154780e+00
1.710759233042403071e+00
-7.111572094858719106e-01
4.775721104203027589e-02
1.738296645255352768e+00
3.039448376355072257e-01
1.500711712700218303e+00
7.668035333320455393e-01
1.917938345748273932e+00
7.536511910147873639e-02
2.308576284538493617e+00
1.172223591054228242e+00
9.557713748960721123e-01
-2.748734289939293585e-01
4.480048130112921356e-01
3.550997484442193208e-01
7.868312243189162780e-02
-1.626539650221953681e-01
9.367739750865203274e-02
9.299203531718848448e-04
2.000505517325332216e-02
1.547346393471113357e+00
2.439683467544647044e+00
-6.518865850669660622e-01
1.910268938616494494e-01
4.741036453315691790e-01
-4.191465207306084295e-01
7.086507547257059336e-01
-5.886565568868000753e-01
2.458615796302818790e+00
2.000214568155462835e+00
4.542067184348744791e-01
9.489553991858349358e-01
9.284422729290024989e-01
-4.036975490576278913e-01
1.046616568122733515e+00
2.162125247501724523e+00
-5.261807001363734138e-01
9.719500231415004743e-01
1.519752508416629233e+00
3.321017657732483475e-01
-3.699250000477216638e-01
1.475847911355559372e+00
3.644297830511314951e-01
7.545369156362106144e-01
-4.285485914117126427e-01
1.875882430051900807e+00
-1.901198883648136384e-01
3.422532532050916454e-01
-1.120067642356848969e-01
1.102297456626379901e+00
1.744738786591632618e+00
3.452548549111434939e-01
-7.940713101020159259e-01
-6.154772569200821497e-01
1.576372420771005700e+00
6.893859911911814908e-01
-7.642134053697021701e-01
1.495625876523418274e+00
5.517399770180146934e-01
6.089834637235278514e-01
1.479238609480419075e+00
-4.520381996250659173e-01
-1.591398459396215825e+00
7.022142033167507735e-01
9.989209269652153944e-01
1.538094985333701814e+00
7.028172932093696978e-01
2.061957704688070159e+00
2.154660402895419991e-01
1.202718140831475768e+00
1.842579596681648835e-01
1.411847606216327211e+00
1.129139990561463858e+00
1.189183046782709585e+00
8.400691153296783176e-01
1.017120194701791186e-01
-7.292310483538106958e-01
-6.792873553182037227e-01
2.768254363693367082e-01
1.028904362526475103e+00
1.867930507411398544e+00
1.572730215341888726e+00
7.116524984374947849e-01
4.021425861475778629e-01
7.436791470201229437e-01
9.619234517941723794e-01
-2.406196391284269320e-01
8.435742064316136268e-01
1.020026902456231843e+00
1.103692526547796759e-01
5.611369744317858954e-01
6.256702142299614966e-01
5.626244912003492971e-01
1.554417157772305158e+00
-6.847166105176206718e-01
8.703055682919054181e-01
1.751154454609592293e+00
1.327583370158293974e+00
1.191488566002637750e+00
-3.445871859045449015e-01
4.673873933115475499e-01
8.176703229510862148e-01
3.646182387403670844e-01
4.660141910661924625e-01
6.496231446893925288e-01
1.141110306990799073e-01
-3.265226106026411501e-01
-5.210206004298079119e-02
5.048876377265579807e-01
8.454205027208142598e-01
9.872319354004455150e-03
1.579685067372337492e+00
-3.343949357723723370e-01
1.953015239780900192e+00
1.369950087474996137e+00
-3.705204039800784055e-01
-1.212579498542091905e+00
2.896984537257929482e-01
1.472041609963974595e+00
9.788677562450666114e-01
4.040982241820308962e-01
7.159378165074767875e-01
-1.237972934833029059e+00
3.550947915125344245e-01
8.738456852743283765e-01
8.669095213052794291e-01
9.209564771385649884e-01
1.722727416208298390e+00
-4.783080598444482967e-01
-1.047828402941054365e-01
-5.822744770064391950e-03
1.499032604425194037e+00
6.241041617774781836e-01
8.466195444876067899e-02
3.102149693536055963e-01
-1.379453846762350999e-01
9.629722978859590610e-01
-1.748366191055814367e+00
1.583340436330238354e-03
1.678628000591137148e+00
8.244854315816967372e-01
-3.764244133544826232e-01
1.528169597368961963e+00
1.183624599350334039e+00
-8.629737697642085870e-01
1.883184885109810081e+00
1.811531592886179487e+00
-4.670341951460426078e-01
1.846536652204294748e-01
3.822897859548863853e-01
-1.080575686847714767e+00
6.014404252344079937e-01
1.592441683328220670e+00
-8.721947903822655501e-01
6.256160499168328393e-01
1.115539874875817405e+00
9.029799225593788670e-01
5.825039191206780043e-01
-5.141220477082607543e-01
-2.755564892484103634e-01
1.640520883914782457e+00
-6.945845566460338016e-01
8.565521780572569188e-01
2.100724831710001794e+00
5.296601704219875417e-01
2.295563258064749146e+00
9.597213448625745436e-01
-8.892044562294443288e-02
3.051418926997796488e-01
-5.256014722819513096e-02
-2.589933161942400419e-01
3.406983430734907281e-01
1.589784792523248447e+00
7.537457478445301895e-01
-4.020259981645069036e-03
1.004118501036683542e+00
1.450381324969982622e+00
2.778050438033419223e-03
1.038897986230163717e+00
-2.638252937326269199e-01
8.078844246362764103e-01
-1.694805704696977222e-01
1.850141015932974309e+00
1.193773054917667942e+00
1.278979911555011562e+00
1.237656428108877327e+00
1.201121426607653753e+00
-2.803222554282146506e-01
1.070108672431084873e+00
1.716016916722987729e+00
2.177652624518166657e+00
4.513404880408798392e-01
3.539141249535560085e-02
7.464763589026284230e-01
2.043672251958081443e+00
9.418151100096849859e-01
8.202152162057315676e-01
6.907571972094552759e-01
-1.896615778027604282e+00
-1.807325179440851803e-01
2.728215637853332431e+00
-9.484750188071482402e-01
-4.885756219445460680e-01
-3.563889639036788570e-01
1.045831534866118184e-01
1.293131868996024947e+00
-1.310323364761523113e-01
1.211133897436028839e+00
9.262093945750946578e-01
-2.201533140503247332e-01
1.411018262668067291e-01
6.233446285801220732e-01
-2.684167143193966210e-01
5.132184749161530224e-01
1.287015377397230598e+00
-1.833944201137990282e-01
7.812203125120739111e-01
1.063869593296149718e+00
1.620625344760953324e+00
1.471452612984464281e+00
1.259599837973016001e+00
-8.144445321287077100e-01
7.825938991967081870e-01
1.367118717987328758e+00
1.566909073506957295e+00
2.012267171564950274e+00
-7.214717708865361900e-02
1.125803825129824354e+00
3.205957705686424131e-02
9.681228052766822634e-01
1.168532431354424972e+00
9.011824923915392471e-01
8.097772904376628889e-01
-1.555674857376345699e-01
6.606703503890745122e-01
6.332560215046104113e-02
1.820771672785830742e+00
-1.143128995116683422e-01
1.437579401553920722e+00
8.264877761127591427e-01
2.291518986188619600e+00
7.271837073429638920e-01
6.725364207314804554e-01
1.750712898219927594e+00
1.289812897147180504e+00
-2.477334365785239800e-01
1.570891471614801027e+00
3.166338653819744664e-01
1.307022204097936235e+00
8.020283453461379830e-01
9.005220275180370049e-01
1.609981627546869798e-01
5.590324384740291697e-01
9.007702016087757446e-01
-1.233758204301083072e-02
1.760716033046111129e+00
3.696065535102810440e-02
-2.757941880995252726e-01
1.431367370702295805e+00
2.318231534597587906e+00
-4.782638123658846663e-01
-3.443192756663157050e-01
2.067328165380112992e+00
1.049592131920009663e+00
1.356380071391205533e+00
2.555619189840555805e+00
3.353020039443075917e-01
1.927374020007963651e+00
-1.076185746149741274e+00
8.779228157783447450e-01
-7.594235088223112717e-02
5.983975756674334567e-01
-5.638888458983252194e-01
1.111963091105514501e+00
1.208200856235625231e+00
3.584937208212617410e-01
-5.198384906114733583e-01
2.740335655254462210e-01
1.197245527798862064e+00
1.186317371062869608e+00
8.020634204072044637e-01
2.738993303946144486e-01
-9.748079294494542690e-01
1.095721419614748893e+00
-4.876300008736511593e-02
-1.569336737984106112e-01
3.200259359881678090e-01
-5.850995173928500437e-01
1.181486759748763715e+00
9.612728466121175375e-01
5.954436730261097876e-01
1.352225458009199688e+00
3.782208705953259975e-01
6.874852482122166819e-01
4.559535276979299612e-01
7.180231189922063884e-01
9.260635657199183246e-01
2.660389847266029784e-01
2.743381043271799213e-01
-1.740670886261316830e-01
-1.494175031030187117e-02
4.936945155014746400e-01
3.310426390516885142e-01
-9.599842943737733059e-01
-6.649009053635563937e-01
6.458383932517187676e-01
3.665953160829509283e-01
1.316083436290728104e+00
7.702912984241206962e-01
3.109038144413650007e-01
-1.129611725369577657e+00
8.741047243600230665e-01
8.815186902989591289e-01
5.395221856802192573e-01
4.782996542784282989e-01
1.392472099441924183e+00
8.622518852334835060e-01
3.912880150669508783e-01
-8.584038718993000638e-02
7.573432891724377614e-01
-1.004440057436407185e+00
2.299134679413416538e-01
4.008792367108224841e-01
-1.046032761294328761e-01
-2.772283637466914641e-01
2.355186403214603041e-01
6.026470325402391026e-01
1.108251011754545434e+00
1.108333496610756530e+00
2.071869105707975667e+00
1.021637202124362043e+00
-1.785719296938871326e-01
1.780259755076831096e+00
2.297229207838284437e-01
2.290930369580655435e-01
-1.184962857433979333e-01
1.839859861933552443e+00
-3.192882785803390355e-01
1.863631622322896586e-01
1.081889354582545870e+00
2.492058975630158102e+00
2.298222592642484408e+00
2.153860163446177811e+00
4.789380072900583651e-01
8.467336397210856180e-02
6.173013448963133865e-01
8.591862807501612909e-02
9.574173981433484748e-01
1.337969431105772600e+00
7.253569853838041093e-01
7.349766311046799228e-01
5.937061845757587997e-02
4.685819900102103364e-01
-5.961391447523249898e-01
1.023286225421600637e+00
4.850091055334447843e-01
4.447136938167626230e-01
-1.133122770858369932e-01
1.119578754244321184e+00
-6.073262189272954359e-03
-5.112081101209481337e-01
5.390670434461013460e-01
2.458469317016781508e-01
-3.067309957575472534e-01
-6.098135758908993509e-01
-1.025077808848776861e+00
5.812123575316454627e-01
2.826163435651829481e-01
7.308519077950744736e-01
-8.188862518952033653e-01
6.691163019687070834e-01
7.748241719102147984e-01
-1.066920697085729675e+00
5.337403001026022054e-01
-1.047049695368932776e+00
-6.524560941708270612e-01
6.084517136017957295e-01
6.542541032522648514e-01
6.636175530629897512e-01
7.795444550509138537e-01
5.908904636875726979e-01
6.502885773945147330e-01
9.316341883351977327e-01
1.156032683223789104e-01
-6.412434075571066261e-01
1.783386639559680353e-01
-5.840195126066010101e-01
-3.070331068386799034e-01
5.296032984302805335e-01
-8.614663401476851945e-01
3.958056681313264491e-01
7.371727448473016642e-01
1.509918231721593562e+00
4.943312474748985941e-01
1.649983653287752317e+00
3.692919721007479339e-01
1.013928961056875133e+00
7.327747684803624928e-01
2.248630901298555251e+00
-1.375796314921584051e-01
-6.627871543252358277e-01
1.396855171551728780e+00
-6.266505838262621531e-01
7.261014440000146397e-02
9.834243718324132688e-01
2.266975889423573420e+00
1.139049136544582730e+00
2.229403080772887069e-01
-7.878241252492461655e-01
1.170460656728726789e+00
5.510698255735887452e-01
8.122818803350972949e-01
-1.546446111989469019e-02
2.632354038925566742e-01
3.814243832542478785e-01
1.734910152395267691e+00
2.396910375679048300e-02
8.427539948021143257e-01
2.249985901341519767e+00
-1.126770081758634134e+00
-2.111102470222092631e-01
4.157490168706892697e-01
-5.182034146653943241e-01
1.507001730133237460e+00
1.400740058492622175e+00
7.074862449118611840e-01
-2.945093810619430208e-01
1.615191780448104186e+00
3.764079624493308351e-01
6.640113924710714377e-01
-5.253634075732318554e-01
1.920568384629875447e-01
-7.349913528635368953e-01
1.267041340940797234e+00
1.432882808640742356e+00
-9.826468563897845510e-01
7.468554243441599683e-01
1.541101194694528109e+00
1.348228952081113707e+00
-3.777186323846700722e-01
3.874546711340061123e-01
1.855735319604131739e+00
-5.742536126549849795e-01
1.050358006892145646e+00
1.372460653317000956e+00
1.274794229976693227e+00
2.045633504578825423e+00
-3.231299886816823563e-01
1.835596706556312352e+00
1.750443794169398659e+00
7.480512470073837905e-01
1.159663096630349166e+00
1.621430477874507003e-01
-1.732106074415075136e-01
-1.307888523228616373e-01
4.310812061904040760e-01
8.674321860393331696e-02
3.507223840060647579e-01
8.849872014719653013e-01
